catboost: 0.10047456238528539
lightgbm: 0.3634390401607757
xgboost: 0.5360863974539388
