catboost: 0.13786927447154257
lightgbm: 0.0018778741102393397
xgboost: 0.860252851418218
